- OS: Windows-10-10.0.26100-SP0 10.0.26100
- Python: 3.8.10
- Stable-Baselines3: 2.4.1
- PyTorch: 2.4.1+cpu
- GPU Enabled: False
- Numpy: 1.24.4
- Cloudpickle: 3.1.1
- Gymnasium: 1.0.0
